<?xml version="1.0"?>
<opencv_storage>
<img_shape type_id="opencv-matrix">
  <rows>2</rows>
  <cols>1</cols>
  <dt>d</dt>
  <data>
    480. 640.</data></img_shape>
<rms>6.4123610295886300e+00</rms>
<cam_int type_id="opencv-matrix">
  <rows>3</rows>
  <cols>3</cols>
  <dt>d</dt>
  <data>
    1.5149431010546953e+03 0. 2.6353172823582372e+02 0.
    1.4501508805579513e+03 2.8262562567812751e+02 0. 0. 1.</data></cam_int>
<cam_dist type_id="opencv-matrix">
  <rows>1</rows>
  <cols>5</cols>
  <dt>d</dt>
  <data>
    1.5594698990352431e+00 -4.0196231740705393e+01
    1.5315312830140257e-01 -1.7703719451856292e-01
    3.9308543833415711e+03</data></cam_dist>
<proj_int type_id="opencv-matrix">
  <rows>3</rows>
  <cols>3</cols>
  <dt>d</dt>
  <data>
    2.1220217082889427e+04 0. 3.5648308579463213e+02 0.
    2.7974304102901642e+04 6.2874471341176604e+02 0. 0. 1.</data></proj_int>
<proj_dist type_id="opencv-matrix">
  <rows>1</rows>
  <cols>5</cols>
  <dt>d</dt>
  <data>
    8.5541388717523912e+00 -8.2965553194352344e+02
    2.0255824140131276e-01 1.9087526171115803e-03
    -6.9950698268467837e-01</data></proj_dist>
<rotation type_id="opencv-matrix">
  <rows>3</rows>
  <cols>3</cols>
  <dt>d</dt>
  <data>
    -9.8196797102715550e-01 -1.8256551665861040e-01
    4.9078875333345331e-02 1.7965033246446457e-01
    -9.8199408890789841e-01 -5.8424030974880400e-02
    5.8861378867800476e-02 -4.8553490885013498e-02
    9.9708469880981487e-01</data></rotation>
<translation type_id="opencv-matrix">
  <rows>3</rows>
  <cols>1</cols>
  <dt>d</dt>
  <data>
    (X) 1.0618192232364264e+02 
    (Y)-1.6229175080965259e+01
    (Z) 5.4963236506490039e+03
    </data></translation>
</opencv_storage>
